------------------------------------------------------------
  Preset:           ?                     Total Steps:      1000
  Alpha:            ?                     Batch / Accum:    4 / 2
  Gamma KL:         ?                     Learning Rate:    5e-5
  Layers:           ?                     Loss Mode:        per_token_cb
  Policy:           cb_full_sequence      Loss Weighting:   ?
  Pooling Mode:     ?                     Pooling Policy:   (none)
  Distance:         dl2rc                 Pooling Mask:     ?
  Margins:          3.0 / 20.0            LoRA r/alpha:     16 / 32

2. POOLING DIAGNOSTIC
------------------------------------------------------------
  Decoupled masks: (not found in log)
  (no diagnostic output found in train.log)

3. TRAINING HISTORY
------------------------------------------------------------
   Step |       Loss |  Triplet_B |  Triplet_H |         KL |    Alpha
  ------+------------+------------+------------+------------+---------
     10 |    39.2589 |     0.0044 |    19.7181 |     0.0025 |   4.9775
     20 |    30.0005 |     2.3856 |    15.1153 |     0.1342 |   4.9525
     30 |    10.3501 |    13.8618 |     4.9924 |     1.7208 |   4.9275
     40 |     1.2039 |    23.8791 |     0.0001 |     6.7873 |   4.9025
     50 |     1.1536 |    18.2130 |     0.0072 |     3.2602 |   4.8775
     60 |     1.4066 |    18.0206 |     0.0289 |     2.4236 |   4.8525
     70 |     1.4147 |    16.0255 |     0.0079 |     1.6617 |   4.8275
     80 |     1.7456 |    17.2769 |     0.0067 |     2.2529 |   4.8025
     90 |     1.6190 |    13.7377 |     0.0399 |     1.0861 |   4.7775
    100 |     1.6321 |    12.8884 |     0.0113 |     1.0567 |   4.7525
    110 |     2.1889 |    15.6909 |     0.0152 |     1.3645 |   4.7275
    120 |     1.9326 |    12.7524 |     0.0085 |     1.0980 |   4.7025
    130 |     2.1728 |    11.8115 |     0.1348 |     0.8208 |   4.6775
    140 |     2.2741 |    12.7369 |     0.0229 |     0.8845 |   4.6525
    150 |     2.3564 |    12.5036 |     0.0065 |     0.6988 |   4.6275
    160 |     2.7915 |    13.7406 |     0.0150 |     1.3804 |   4.6025
    170 |     3.0380 |    13.9706 |     0.0373 |     0.7254 |   4.5775
    180 |     2.6707 |    11.4451 |     0.0480 |     0.8404 |   4.5525
    190 |     2.3991 |     9.4849 |     0.0793 |     0.5175 |   4.5275
    200 |     3.1423 |    12.0439 |     0.0723 |     0.5420 |   4.5025
    210 |     3.3709 |    12.4278 |     0.0595 |     0.5582 |   4.4775
    220 |     3.6238 |    13.0611 |     0.0147 |     0.6721 |   4.4525
    230 |     3.3711 |    11.6406 |     0.0109 |     0.5744 |   4.4275
    240 |     4.3297 |    13.6131 |     0.1388 |     0.5118 |   4.4025
    250 |     3.5654 |    11.2670 |     0.0240 |     0.4414 |   4.3775
    260 |     3.7230 |    11.2180 |     0.0429 |     0.4247 |   4.3525
    270 |     4.2360 |    12.2142 |     0.0605 |     0.6000 |   4.3275
    280 |     3.8741 |    10.7269 |     0.0666 |     0.4424 |   4.3025
    290 |     4.9002 |    12.9371 |     0.1170 |     0.6134 |   4.2775
    300 |     4.8622 |    12.8043 |     0.0303 |     0.5588 |   4.2525
    310 |     4.2484 |    10.4761 |     0.1059 |     0.4954 |   4.2275
    320 |     4.4541 |    11.0001 |     0.0313 |     0.3193 |   4.2025
    330 |     4.7946 |    11.1849 |     0.1069 |     0.3275 |   4.1775
    340 |     5.2992 |    11.8769 |     0.1462 |     0.4613 |   4.1525
    350 |     4.7469 |    10.0569 |     0.2082 |     0.3032 |   4.1275
    360 |     5.2098 |    11.3219 |     0.0644 |     0.4358 |   4.1025
    370 |     5.0763 |    10.7266 |     0.0681 |     0.3201 |   4.0775
    380 |     3.0984 |     6.2278 |     0.0833 |     0.2279 |   4.0525
    390 |     5.1295 |    10.3148 |     0.0595 |     0.3094 |   4.0275
    400 |     5.3652 |    10.3727 |     0.1036 |     0.4337 |   4.0025
    410 |     5.7732 |    11.0844 |     0.0566 |     0.2657 |   3.9775
    420 |     6.2037 |    11.4663 |     0.1129 |     0.3149 |   3.9525
    430 |     5.8328 |    10.3618 |     0.1651 |     0.2624 |   3.9275
    440 |     6.5302 |    11.4730 |     0.1343 |     0.3770 |   3.9025
    450 |     6.5248 |    11.4332 |     0.0520 |     0.4041 |   3.8775
    460 |     6.3708 |    10.8292 |     0.0880 |     0.3172 |   3.8525
    470 |     7.1702 |    11.6641 |     0.1994 |     0.3823 |   3.8275
    480 |     5.0025 |     8.0720 |     0.1001 |     0.2383 |   3.8025
    490 |     8.1007 |    12.1380 |     0.4347 |     0.3334 |   3.7775
    500 |     4.3302 |     6.6522 |     0.1143 |     0.1246 |   3.7525
    510 |     5.7306 |     8.0801 |     0.3816 |     0.2694 |   3.7275
    520 |     3.1447 |     4.6475 |     0.0815 |     0.1157 |   3.7025
    530 |     7.1573 |    10.0359 |     0.3380 |     0.3020 |   3.6775
    540 |     4.0774 |     5.7973 |     0.1092 |     0.1472 |   3.6525
    550 |     6.7223 |     9.4489 |     0.1533 |     0.1886 |   3.6275
    560 |     8.3730 |    11.6629 |     0.1335 |     0.3703 |   3.6025
    570 |     8.4036 |    11.5231 |     0.1243 |     0.3511 |   3.5775
    580 |     7.6616 |    10.2213 |     0.1702 |     0.2547 |   3.5525
    590 |     8.7367 |    11.5523 |     0.1517 |     0.1948 |   3.5275
    600 |     7.5570 |     9.6132 |     0.2404 |     0.2472 |   3.5025
    610 |     8.6771 |    10.9878 |     0.2087 |     0.2446 |   3.4775
    620 |     7.7611 |     9.6844 |     0.1758 |     0.2682 |   3.4525
    630 |    10.1118 |    12.6186 |     0.1186 |     0.2960 |   3.4275
    640 |     7.9720 |     9.6156 |     0.1951 |     0.2722 |   3.4025
    650 |     7.8389 |     9.3582 |     0.1612 |     0.3010 |   3.3775
    660 |     5.7197 |     6.3409 |     0.3636 |     0.0887 |   3.3525
    670 |    10.0842 |    11.6432 |     0.2358 |     0.3358 |   3.3275
    680 |     7.9889 |     8.4482 |     0.5981 |     0.2777 |   3.3025
    690 |     9.4424 |     9.8232 |     0.7281 |     0.2669 |   3.2775
    700 |     9.5965 |    10.5369 |     0.2731 |     0.3305 |   3.2525
    710 |     9.5462 |     7.8976 |     1.9471 |     0.3128 |   3.2275
    720 |     5.7561 |     2.2310 |     2.9171 |     0.1314 |   3.2025
    730 |     8.1585 |     5.7987 |     2.2346 |     0.3139 |   3.1775
    740 |     9.1042 |     3.6828 |     4.5065 |     0.1758 |   3.1525
    750 |    11.0392 |     1.5780 |     7.6345 |     0.0983 |   3.1275
    760 |    10.5358 |     2.2514 |     6.7556 |     0.1408 |   3.1025
    770 |     6.5797 |     0.6319 |     4.8433 |     0.0884 |   3.0775
    780 |     4.9195 |     1.4270 |     2.8848 |     0.0650 |   3.0525
    790 |     9.2919 |     0.8186 |     7.0007 |     0.0562 |   3.0275
    800 |     7.8565 |     0.6017 |     6.0367 |     0.0465 |   3.0025
    810 |     8.5408 |     0.5624 |     6.6884 |     0.0510 |   2.9775
    820 |     5.2805 |     0.4198 |     4.1036 |     0.0352 |   2.9525
    830 |     9.6649 |     0.8009 |     7.5408 |     0.0380 |   2.9275
    840 |     6.2562 |     0.3934 |     5.0262 |     0.0645 |   2.9025
    850 |    10.4856 |     0.8555 |     8.3162 |     0.0443 |   2.8775
    860 |     7.2937 |     0.2814 |     6.1211 |     0.0564 |   2.8525
    870 |    12.2245 |     0.4293 |    10.3899 |     0.0549 |   2.8275
    880 |     5.4390 |     0.1613 |     4.6913 |     0.0206 |   2.8025
    890 |     8.7461 |     0.4425 |     7.4250 |     0.0387 |   2.7775
    900 |    11.8175 |     0.6879 |    10.0263 |     0.0406 |   2.7525
    910 |     7.0831 |     0.2410 |     6.2367 |     0.0367 |   2.7275
    920 |     7.2040 |     0.2670 |     6.3753 |     0.0398 |   2.7025
    930 |     5.3236 |     0.3931 |     4.5410 |     0.0266 |   2.6775
    940 |     8.6620 |     0.3326 |     7.7925 |     0.0269 |   2.6525
    950 |     8.2359 |     0.2812 |     7.5151 |     0.0275 |   2.6275
    960 |     6.1733 |     0.1763 |     5.7237 |     0.0253 |   2.6025
    970 |    12.5298 |     0.2777 |    11.8244 |     0.0164 |   2.5775
    980 |     6.0947 |     0.1385 |     5.7987 |     0.0326 |   2.5525
    990 |    10.1990 |     0.1983 |     9.8420 |     0.0244 |   2.5275
   1000 |    10.0308 |     0.1044 |     9.8883 |     0.0156 |   2.5025

  First loss: 39.2589
  Last loss:  10.0308
  Min loss:   1.1536
  Max loss:   39.2589
  Triplet_H collapse: none (good)

4. EVALUATION METRICS
------------------------------------------------------------

  --- Eval mode: next_tool_prediction ---
  FUJITSU:
    Baseline ASR:     83.7%
