2. POOLING DIAGNOSTIC
------------------------------------------------------------
  Decoupled masks: (not found in log)
  (no diagnostic output found in train.log)

3. TRAINING HISTORY
------------------------------------------------------------
   Step |       Loss |  Triplet_B |  Triplet_H |         KL |    Alpha
  ------+------------+------------+------------+------------+---------
     10 |    78.9240 |     0.0000 |    19.8202 |     0.0056 |   9.9550
     20 |    66.9516 |     1.2000 |    16.8839 |     0.2169 |   9.9050
     30 |    33.5759 |     8.5507 |     8.3582 |     1.8407 |   9.8550
     40 |     2.2064 |    21.8266 |     0.0087 |     7.5286 |   9.8050
     50 |     2.3734 |    18.3503 |     0.0216 |     5.5845 |   9.7550
     60 |     2.7848 |    17.2691 |     0.0502 |     4.8090 |   9.7050
     70 |     2.5428 |    14.2255 |     0.0141 |     3.3478 |   9.6550
     80 |     3.2198 |    15.9522 |     0.0046 |     4.3501 |   9.6050
     90 |     2.9373 |    12.7567 |     0.0156 |     2.9447 |   9.5550
    100 |     3.1802 |    12.6531 |     0.0001 |     3.2551 |   9.5050
    110 |     4.3329 |    15.6431 |     0.0015 |     3.9462 |   9.4550
    120 |     3.8079 |    12.5923 |     0.0022 |     2.9893 |   9.4050
    130 |     4.0415 |    12.3240 |     0.0043 |     2.6376 |   9.3550
    140 |     4.7842 |    12.0737 |     0.1432 |     2.6687 |   9.3050
    150 |     4.9220 |    11.8477 |     0.1248 |     2.0975 |   9.2550
    160 |     5.5208 |    13.2967 |     0.0411 |     3.5282 |   9.2050
    170 |     5.9385 |    13.7916 |     0.0137 |     2.4256 |   9.1550
    180 |     5.4000 |    11.2129 |     0.0895 |     2.0988 |   9.1050
    190 |     4.6815 |     9.5238 |     0.0373 |     1.6398 |   9.0550
    200 |     6.1997 |    12.3196 |     0.0051 |     1.7481 |   9.0050
    210 |     6.6696 |    12.4669 |     0.0290 |     1.6475 |   8.9550
    220 |     7.1912 |    12.8153 |     0.0347 |     1.5548 |   8.9050
    230 |     6.8061 |    11.4805 |     0.0517 |     1.4722 |   8.8550
    240 |     8.5623 |    14.1325 |     0.0183 |     1.4971 |   8.8050
    250 |     8.1157 |    12.6695 |     0.0539 |     1.0779 |   8.7550
    260 |    10.1458 |    15.0184 |     0.1011 |     1.7844 |   8.7050
    270 |     8.4267 |    12.2957 |     0.0292 |     1.4077 |   8.6550
    280 |     8.5236 |    11.5994 |     0.1097 |     1.3285 |   8.6050
    290 |     9.9968 |    13.0844 |     0.1397 |     1.5040 |   8.5550
    300 |    10.1645 |    12.8207 |     0.1500 |     1.5797 |   8.5050
    310 |     9.7262 |    10.7354 |     0.4060 |     1.2909 |   8.4550
    320 |     8.9598 |    11.1321 |     0.0108 |     0.9512 |   8.4050
    330 |     9.6533 |    11.6639 |     0.0037 |     0.9604 |   8.3550
    340 |    10.4324 |    11.8289 |     0.1048 |     1.1635 |   8.3050
    350 |     9.1894 |    10.4309 |     0.0130 |     0.8681 |   8.2550
    360 |    11.4011 |    11.4323 |     0.3304 |     1.0417 |   8.2050
    370 |    10.2167 |    11.0176 |     0.0027 |     0.7965 |   8.1550
    380 |     7.0475 |     6.9805 |     0.1208 |     0.7379 |   8.1050
    390 |    10.2633 |    10.4202 |     0.0261 |     0.7826 |   8.0550
    400 |    10.7104 |    10.6759 |     0.0031 |     0.8551 |   8.0050
    410 |    11.4329 |    10.9155 |     0.0691 |     0.8432 |   7.9550
    420 |    12.1685 |    11.3752 |     0.0633 |     0.8411 |   7.9050
    430 |    11.4208 |    10.0696 |     0.1834 |     0.6990 |   7.8550
    440 |    12.8109 |    11.0494 |     0.1991 |     0.9515 |   7.8050
    450 |    13.0277 |    11.1320 |     0.1549 |     0.7648 |   7.7550
    460 |    12.0951 |    10.2238 |     0.1005 |     0.7762 |   7.7050
    470 |    14.1661 |    11.9766 |     0.0224 |     0.7819 |   7.6550
    480 |     9.7314 |     8.0799 |     0.0063 |     0.5107 |   7.6050
    490 |    15.7082 |    12.5057 |     0.1170 |     0.9056 |   7.5550
    500 |     8.0033 |     6.2221 |     0.0716 |     0.3500 |   7.5050
    510 |    11.0281 |     8.3414 |     0.1209 |     0.6956 |   7.4550
    520 |     5.7027 |     4.2838 |     0.0404 |     0.3195 |   7.4050
    530 |    13.3071 |     9.8836 |     0.0594 |     0.7715 |   7.3550
    540 |     7.6587 |     5.6317 |     0.0129 |     0.3972 |   7.3050
    550 |    12.8764 |     9.2274 |     0.0583 |     0.5173 |   7.2550
    560 |    16.5465 |    11.7261 |     0.0334 |     0.7531 |   7.2050
    570 |    16.8141 |    11.7376 |     0.0159 |     0.8411 |   7.1550
    580 |    15.1181 |    10.1322 |     0.1425 |     0.5384 |   7.1050
    590 |    17.2745 |    11.5152 |     0.0976 |     0.4840 |   7.0550
    600 |    14.6701 |     9.3999 |     0.1966 |     0.4784 |   7.0050
    610 |    17.1193 |    10.8653 |     0.1891 |     0.5553 |   6.9550
    620 |    15.4685 |     9.7939 |     0.0928 |     0.6052 |   6.9050
    630 |    20.0001 |    12.4620 |     0.1293 |     0.5217 |   6.8550
    640 |    15.6357 |     9.5153 |     0.1441 |     0.4459 |   6.8050
    650 |    15.4913 |     9.2465 |     0.1593 |     0.5988 |   6.7550
    660 |    10.8429 |     6.4403 |     0.0781 |     0.2335 |   6.7050
    670 |    20.2079 |    11.7867 |     0.1637 |     0.5862 |   6.6550
    680 |    15.4143 |     8.8382 |     0.1383 |     0.4516 |   6.6050
    690 |    18.1751 |     9.8365 |     0.4500 |     0.5020 |   6.5550
    700 |    19.2080 |    10.8372 |     0.0830 |     0.5148 |   6.5050
    710 |    19.8980 |     9.4677 |     1.1817 |     0.6155 |   6.4550
    720 |    12.0162 |     3.1504 |     2.4640 |     0.3773 |   6.4050
    730 |    15.5144 |     5.3018 |     2.2734 |     0.6657 |   6.3550
    740 |    21.8179 |     8.4638 |     2.4155 |     0.8022 |   6.3050
    750 |    22.0735 |     5.0854 |     4.9936 |     0.5076 |   6.2550
    760 |    19.7577 |     0.6909 |     7.4199 |     0.2682 |   6.2050
    770 |    14.0399 |     2.3009 |     3.8853 |     0.4415 |   6.1550
    780 |     9.7708 |     1.6733 |     2.6523 |     0.3000 |   6.1050
    790 |    18.2341 |     0.6169 |     7.0170 |     0.1857 |   6.0550
    800 |    15.4654 |     0.4138 |     6.0875 |     0.1399 |   6.0050
    810 |    16.9764 |     0.2446 |     6.9125 |     0.1324 |   5.9550
    820 |    10.4134 |     0.3203 |     4.1253 |     0.1107 |   5.9050
    830 |    20.5284 |     0.2618 |     8.5286 |     0.0949 |   5.8550
    840 |    12.3928 |     0.3083 |     5.0505 |     0.1486 |   5.8050
    850 |    20.1206 |     0.3356 |     8.4251 |     0.1070 |   5.7550
    860 |    14.5334 |     0.1658 |     6.2060 |     0.1171 |   5.7050
    870 |    24.4294 |     0.4171 |    10.3908 |     0.1476 |   5.6550
    880 |    10.7488 |     0.0831 |     4.7087 |     0.0689 |   5.6050
    890 |    17.3145 |     0.1967 |     7.5897 |     0.0989 |   5.5550
    900 |    23.5451 |     0.3564 |    10.3220 |     0.1125 |   5.5050
    910 |    14.0630 |     0.1370 |     6.2963 |     0.0972 |   5.4550
    920 |    14.2952 |     0.1475 |     6.4484 |     0.1085 |   5.4050
    930 |    10.3695 |     0.2137 |     4.6048 |     0.0695 |   5.3550
    940 |    17.1597 |     0.1246 |     7.9440 |     0.0712 |   5.3050
    950 |    16.4106 |     0.1767 |     7.6025 |     0.0767 |   5.2550
    960 |    12.2393 |     0.0767 |     5.7858 |     0.0661 |   5.2050
    970 |    24.8452 |     0.1222 |    11.9022 |     0.0471 |   5.1550
    980 |    12.0642 |     0.0823 |     5.8037 |     0.0780 |   5.1050
    990 |    20.2798 |     0.1308 |     9.8644 |     0.0715 |   5.0550
   1000 |    19.8979 |     0.1017 |     9.8088 |     0.0438 |   5.0050

  First loss: 78.9240
  Last loss:  19.8979
  Min loss:   2.2064
  Max loss:   78.9240
  Triplet_H collapse: none (good)

4. EVALUATION METRICS
